 time = [3600.0, 3600.0, 3600.0, 3600.0, 3600.0, 3600.0, 3600.0, 3600.0, 3600.0, 3600.0, 3600.0, 3600.0, 3600.0, 3600.0, 3600.0, 3600.0, 3600.0, 3600.0, 3600.0, 3600.0, 3600.0, 3600.0, 3600.0]
 lat = [-34.869988, -34.869988, -34.869988, -34.869988, -34.869988, -34.869988, -34.869988, -34.869988, -34.869988, -34.869988, -34.869988, -34.869988, -34.869988, -34.869988, -34.869988, -34.869988, -34.869988, -34.869988, -34.869988, -34.869988, -34.869988, -34.869988, -34.869988, -34.869988]
 lon = [-56.284372, -56.284372, -56.284372, -56.284372, -56.284372, -56.284372, -56.284372, -56.284372, -56.284372, -56.284372, -56.284372, -56.284372, -56.284372, -56.284372, -56.284372, -56.284372, -56.284372, -56.284372, -56.284372, -56.284372, -56.284372, -56.284372, -56.284372, -56.284372]
 vel = [0, 0, 0, 0, 0, 0, 0, 0, 0, 0, 0, 0, 0, 0, 0, 0, 0, 0, 0, 0, 0, 0, 0, 0]
 km = [0.0, 0.0, 0.0, 0.0, 0.0, 0.0, 0.0, 0.0, 0.0, 0.0, 0.0, 0.0, 0.0, 0.0, 0.0, 0.0, 0.0, 0.0, 0.0, 0.0, 0.0, 0.0, 0.0, 0.0]
 dParams = [4.0, 0.1, 10.0, 60.0, 0.0001, 1.0]