 time = [3600.0, 3600.0, 3600.0, 3600.0, 3600.0, 3600.0, 3600.0, 3600.0, 3600.0, 3600.0, 3600.0, 3603.0, 3600.0, 3600.0, 3600.0, 3600.0, 3600.0, 3600.0, 3600.0, 3600.0, 3600.0, 848.0, 59.0, 15.0, 3.0, 2.0, 8.0, 5.0, 59.0, 60.0, 60.0, 60.0, 60.0, 60.0, 60.0, 60.0, 60.0, 60.0, 60.0, 60.0, 60.0, 60.0, 60.0, 60.0, 60.0, 60.0, 60.0, 60.0, 60.0, 60.0, 60.0, 60.0, 60.0, 60.0, 60.0, 60.0, 60.0, 60.0, 60.0, 60.0, 60.0, 60.0, 48.0, 573.0, 3600.0]
 lat = [-34.869988, -34.869988, -34.869988, -34.869988, -34.869988, -34.869988, -34.869988, -34.869988, -34.869988, -34.869988, -34.869988, -34.869988, -34.869988, -34.869988, -34.869988, -34.869988, -34.869988, -34.869988, -34.869988, -34.869988, -34.869988, -34.869988, -34.869988, -34.869988, -34.870032, -34.87012, -34.870088, -34.86988, -34.869904, -34.86992, -34.86992, -34.86992, -34.86992, -34.86992, -34.86992, -34.86992, -34.86992, -34.86992, -34.86992, -34.86992, -34.86992, -34.86992, -34.86992, -34.86992, -34.86992, -34.86992, -34.86992, -34.86992, -34.86992, -34.86992, -34.86992, -34.86992, -34.86992, -34.86992, -34.86992, -34.86992, -34.86992, -34.86992, -34.86992, -34.86992, -34.86992, -34.86992, -34.86992, -34.86992, -34.86992, -34.86992]
 lon = [-56.284372, -56.284372, -56.284372, -56.284372, -56.284372, -56.284372, -56.284372, -56.284372, -56.284372, -56.284372, -56.284372, -56.284372, -56.284372, -56.284372, -56.284372, -56.284372, -56.284372, -56.284372, -56.284372, -56.284372, -56.284372, -56.284372, -56.284372, -56.284372, -56.284376, -56.284516, -56.284552, -56.284616, -56.284632, -56.2846, -56.2846, -56.2846, -56.2846, -56.2846, -56.2846, -56.2846, -56.2846, -56.2846, -56.2846, -56.2846, -56.2846, -56.2846, -56.2846, -56.2846, -56.2846, -56.2846, -56.2846, -56.2846, -56.2846, -56.2846, -56.2846, -56.2846, -56.2846, -56.2846, -56.2846, -56.2846, -56.2846, -56.2846, -56.2846, -56.2846, -56.2846, -56.2846, -56.2846, -56.2846, -56.2846, -56.2846]
 vel = [0, 0, 0, 0, 0, 0, 0, 0, 0, 0, 0, 0, 0, 0, 0, 0, 0, 0, 0, 0, 0, 0, 0, 0, 13, 13, 14, 13, 5, 0, 0, 0, 0, 0, 0, 0, 0, 0, 0, 0, 0, 0, 0, 0, 0, 0, 0, 0, 0, 0, 0, 0, 0, 0, 0, 0, 0, 0, 0, 0, 0, 0, 0, 0, 0, 0]
 km = [0.0, 0.0, 0.0, 0.0, 0.0, 0.0, 0.0, 0.0, 0.0, 0.0, 0.0, 0.0, 0.0, 0.0, 0.0, 0.0, 0.0, 0.0, 0.0, 0.0, 0.0, 0.0, 0.0, 0.0, 0.0, 0.017, 0.025, 0.054, 0.064, 0.069, 0.069, 0.069, 0.069, 0.069, 0.069, 0.069, 0.069, 0.069, 0.069, 0.069, 0.069, 0.069, 0.069, 0.069, 0.069, 0.069, 0.069, 0.069, 0.069, 0.069, 0.069, 0.069, 0.069, 0.069, 0.069, 0.069, 0.069, 0.069, 0.069, 0.069, 0.069, 0.069, 0.069, 0.069, 0.069, 0.069]
 dParams = [4.0, 0.1, 10.0, 60.0, 0.0001, 1.0]