 time = [3600.0, 3600.0, 3600.0, 3600.0, 3600.0, 3600.0, 3600.0, 3600.0, 3575.0, 59.0, 60.0, 60.0, 60.0, 60.0, 60.0, 60.0, 60.0, 60.0, 60.0, 60.0, 60.0, 60.0, 60.0, 60.0, 60.0, 60.0, 60.0, 60.0, 60.0, 60.0, 60.0, 60.0, 60.0, 60.0, 60.0, 60.0, 60.0, 60.0, 60.0, 60.0, 60.0, 60.0, 60.0, 60.0, 60.0, 60.0, 60.0, 60.0, 60.0, 60.0, 60.0, 60.0, 38.0, 59.0, 60.0, 60.0, 30.0, 13.0, 786.0, 3600.0, 252.0, 741.0, 190.0, 2417.0, 3600.0, 23.0, 3577.0, 104.0, 3377.0, 119.0, 3600.0, 351.0, 3249.0, 3113.0, 128.0, 359.0, 3600.0, 3600.0, 3600.0, 3600.0, 3600.0]
 lat = [-34.86988, -34.86988, -34.86988, -34.86988, -34.86988, -34.86988, -34.86988, -34.86988, -34.86988, -34.86988, -34.86988, -34.86988, -34.86988, -34.86988, -34.86988, -34.86988, -34.86988, -34.86988, -34.86988, -34.86988, -34.86988, -34.86988, -34.86988, -34.86988, -34.86988, -34.86988, -34.86988, -34.86988, -34.86988, -34.86988, -34.86988, -34.86988, -34.86988, -34.86988, -34.86988, -34.86988, -34.86988, -34.86988, -34.86988, -34.86988, -34.86988, -34.86988, -34.86988, -34.86988, -34.86988, -34.86988, -34.86988, -34.86988, -34.86988, -34.86988, -34.86988, -34.86988, -34.86988, -34.869896, -34.869792, -34.869792, -34.869792, -34.869792, -34.869792, -34.869792, -34.869792, -34.869792, -34.869792, -34.869792, -34.869792, -34.869792, -34.869792, -34.869792, -34.869792, -34.869792, -34.869792, -34.869792, -34.869792, -34.869792, -34.869792, -34.869792, -34.869792, -34.869792, -34.869792, -34.869792, -34.869792, -34.869792]
 lon = [-56.284632, -56.284632, -56.284632, -56.284632, -56.284632, -56.284632, -56.284632, -56.284632, -56.284632, -56.284632, -56.284632, -56.284632, -56.284632, -56.284632, -56.284632, -56.284632, -56.284632, -56.284632, -56.284632, -56.284632, -56.284632, -56.284632, -56.284632, -56.284632, -56.284632, -56.284632, -56.284632, -56.284632, -56.284632, -56.284632, -56.284632, -56.284632, -56.284632, -56.284632, -56.284632, -56.284632, -56.284632, -56.284632, -56.284632, -56.284632, -56.284632, -56.284632, -56.284632, -56.284632, -56.284632, -56.284632, -56.284632, -56.284632, -56.284632, -56.284632, -56.284632, -56.284632, -56.284632, -56.284656, -56.284888, -56.284888, -56.284888, -56.284888, -56.284888, -56.284888, -56.284888, -56.284888, -56.284888, -56.284888, -56.284888, -56.284888, -56.284888, -56.284888, -56.284888, -56.284888, -56.284888, -56.284888, -56.284888, -56.284888, -56.284888, -56.284888, -56.284888, -56.284888, -56.284888, -56.284888, -56.284888, -56.284888]
 vel = [0, 0, 0, 0, 0, 0, 0, 0, 0, 0, 0, 0, 0, 0, 0, 0, 0, 0, 0, 0, 0, 0, 0, 0, 0, 0, 0, 0, 0, 0, 0, 0, 0, 0, 0, 0, 0, 0, 0, 0, 0, 0, 0, 0, 0, 0, 0, 0, 0, 0, 0, 0, 0, 15, 0, 0, 0, 0, 0, 0, 0, 0, 0, 0, 0, 0, 0, 0, 0, 0, 0, 0, 0, 0, 0, 0, 0, 0, 0, 0, 0, 0]
 km = [0.0, 0.0, 0.0, 0.0, 0.0, 0.0, 0.0, 0.0, 0.0, 0.0, 0.0, 0.0, 0.0, 0.0, 0.0, 0.0, 0.0, 0.0, 0.0, 0.0, 0.0, 0.0, 0.0, 0.0, 0.0, 0.0, 0.0, 0.0, 0.0, 0.0, 0.0, 0.0, 0.0, 0.0, 0.0, 0.0, 0.0, 0.0, 0.0, 0.0, 0.0, 0.0, 0.0, 0.0, 0.0, 0.0, 0.0, 0.0, 0.0, 0.0, 0.0, 0.0, 0.0, 0.0, 0.027, 0.027, 0.027, 0.027, 0.027, 0.027, 0.027, 0.027, 0.027, 0.027, 0.027, 0.027, 0.027, 0.027, 0.027, 0.027, 0.027, 0.027, 0.027, 0.027, 0.027, 0.027, 0.027, 0.027, 0.027, 0.027, 0.027, 0.027]
 dParams = [4.0, 0.1, 10.0, 60.0, 0.0001, 1.0]