 time = [3600.0, 3600.0, 3600.0, 3601.0, 3600.0, 3600.0, 3600.0, 3600.0, 3600.0, 3600.0, 1905.0, 1695.0, 94.0, 3506.0, 899.0, 244.0, 2457.0, 1090.0, 2510.0, 3600.0, 57.0, 176.0, 3371.0, 3600.0, 3600.0, 3600.0, 3600.0, 3600.0, 3600.0, 3600.0]
 lat = [-34.86988, -34.86988, -34.86988, -34.86988, -34.86988, -34.86988, -34.86988, -34.86988, -34.86988, -34.86988, -34.86988, -34.86988, -34.86988, -34.86988, -34.86988, -34.86988, -34.86988, -34.86988, -34.86988, -34.86988, -34.86988, -34.86988, -34.86988, -34.86988, -34.86988, -34.86988, -34.86988, -34.86988, -34.86988, -34.86988, -34.86988]
 lon = [-56.284632, -56.284632, -56.284632, -56.284632, -56.284632, -56.284632, -56.284632, -56.284632, -56.284632, -56.284632, -56.284632, -56.284632, -56.284632, -56.284632, -56.284632, -56.284632, -56.284632, -56.284632, -56.284632, -56.284632, -56.284632, -56.284632, -56.284632, -56.284632, -56.284632, -56.284632, -56.284632, -56.284632, -56.284632, -56.284632, -56.284632]
 vel = [0, 0, 0, 0, 0, 0, 0, 0, 0, 0, 0, 0, 0, 0, 0, 0, 0, 0, 0, 0, 0, 0, 0, 0, 0, 0, 0, 0, 0, 0, 0]
 km = [0.0, 0.0, 0.0, 0.0, 0.0, 0.0, 0.0, 0.0, 0.0, 0.0, 0.0, 0.0, 0.0, 0.0, 0.0, 0.0, 0.0, 0.0, 0.0, 0.0, 0.0, 0.0, 0.0, 0.0, 0.0, 0.0, 0.0, 0.0, 0.0, 0.0, 0.0]
 dParams = [4.0, 0.1, 10.0, 60.0, 0.0001, 1.0]