 time = [3600.0, 3600.0, 3600.0, 3600.0, 3600.0, 3600.0, 3600.0, 3600.0, 3600.0, 3600.0, 3600.0, 3600.0, 2690.0, 161.0, 749.0, 21.0, 1736.0, 1612.0, 231.0, 2537.0, 1004.0, 59.0, 3602.0, 3600.0, 3600.0, 3600.0, 3600.0, 3600.0, 3600.0, 3600.0]
 lat = [-34.86988, -34.86988, -34.86988, -34.86988, -34.86988, -34.86988, -34.86988, -34.86988, -34.86988, -34.86988, -34.86988, -34.86988, -34.86988, -34.86988, -34.86988, -34.86988, -34.86988, -34.86988, -34.86988, -34.86988, -34.86988, -34.86988, -34.86988, -34.86988, -34.86988, -34.86988, -34.86988, -34.86988, -34.86988, -34.86988, -34.86988]
 lon = [-56.284632, -56.284632, -56.284632, -56.284632, -56.284632, -56.284632, -56.284632, -56.284632, -56.284632, -56.284632, -56.284632, -56.284632, -56.284632, -56.284632, -56.284632, -56.284632, -56.284632, -56.284632, -56.284632, -56.284632, -56.284632, -56.284632, -56.284632, -56.284632, -56.284632, -56.284632, -56.284632, -56.284632, -56.284632, -56.284632, -56.284632]
 vel = [0, 0, 0, 0, 0, 0, 0, 0, 0, 0, 0, 0, 0, 0, 0, 0, 0, 0, 0, 0, 0, 0, 0, 0, 0, 0, 0, 0, 0, 0, 0]
 km = [0.0, 0.0, 0.0, 0.0, 0.0, 0.0, 0.0, 0.0, 0.0, 0.0, 0.0, 0.0, 0.0, 0.0, 0.0, 0.0, 0.0, 0.0, 0.0, 0.0, 0.0, 0.0, 0.0, 0.0, 0.0, 0.0, 0.0, 0.0, 0.0, 0.0, 0.0]
 dParams = [4.0, 0.1, 10.0, 60.0, 0.0001, 1.0]