 nreg = 26
 nparams = 6
 minstops = 80
 maxstops = 120
 time = [3600.0, 3600.0, 3600.0, 225.0, 3375.0, 3605.0, 3600.0, 3600.0, 3600.0, 3600.0, 3600.0, 3600.0, 3600.0, 3600.0, 3600.0, 2086.0, 1514.0, 3600.0, 3601.0, 3600.0, 3600.0, 3600.0, 3600.0, 3600.0, 3600.0]
 lat = [-34.86988, -34.86988, -34.86988, -34.86988, -34.86988, -34.86988, -34.86988, -34.86988, -34.86988, -34.86988, -34.86988, -34.86988, -34.86988, -34.86988, -34.86988, -34.86988, -34.86988, -34.86988, -34.86988, -34.86988, -34.86988, -34.86988, -34.86988, -34.86988, -34.86988, -34.86988]
 lon = [-56.284632, -56.284632, -56.284632, -56.284632, -56.284632, -56.284632, -56.284632, -56.284632, -56.284632, -56.284632, -56.284632, -56.284632, -56.284632, -56.284632, -56.284632, -56.284632, -56.284632, -56.284632, -56.284632, -56.284632, -56.284632, -56.284632, -56.284632, -56.284632, -56.284632, -56.284632]
 vel = [0, 0, 0, 0, 0, 0, 0, 0, 0, 0, 0, 0, 0, 0, 0, 0, 0, 0, 0, 0, 0, 0, 0, 0, 0, 0]
 km = [0.0, 0.0, 0.0, 0.0, 0.0, 0.0, 0.0, 0.0, 0.0, 0.0, 0.0, 0.0, 0.0, 0.0, 0.0, 0.0, 0.0, 0.0, 0.0, 0.0, 0.0, 0.0, 0.0, 0.0, 0.0, 0.0]
 events = [O, O, O, O, O, O, O, O, O, O, O, O, O, O, O, O, O, O, O, O, O, O, O, O, O, O]
 dParams = [4.0, 0.1, 10.0, 60.0, 0.0001, 1.0]